9842.519685	9842.519685	9842.519685	9842.519685	9842.519685	9842.519685	9842.519685	9842.519685	9842.519685	9842.519685	9842.519685	9842.519685	9842.519685	9842.519685	9842.519685	9842.519685
9842.519685	9842.519685	9842.519685	9842.519685	9842.519685	9842.519685	9842.519685	9842.519685	9842.519685	9842.519685	9842.519685	9842.519685	9842.519685	9842.519685	9842.519685	9842.519685
9842.519685	9842.519685	9842.519685	9842.519685	9842.519685	9842.519685	9842.519685	9842.519685	9842.519685	9842.519685	9842.519685	9842.519685	9842.519685	9842.519685	9842.519685	9842.519685
9842.519685	9842.519685	9842.519685	9842.519685	9842.519685	9842.519685	9842.519685	9842.519685	9842.519685	9842.519685	9842.519685	9842.519685	9842.519685	9842.519685	9842.519685	9842.519685
9842.519685	9842.519685	9842.519685	9842.519685	9842.519685	9842.519685	9842.519685	9842.519685	9842.519685	9842.519685	9842.519685	9842.519685	9842.519685	9842.519685	9842.519685	9842.519685
9842.519685	9842.519685	9842.519685	9842.519685	9842.519685	9842.519685	9842.519685	9842.519685	9842.519685	9842.519685	9842.519685	9842.519685	9842.519685	9842.519685	9842.519685	9842.519685
9842.519685	9842.519685	9842.519685	9842.519685	9842.519685	9842.519685	9842.519685	9842.519685	9842.519685	9842.519685	9842.519685	9842.519685	9842.519685	9842.519685	9842.519685	9842.519685
9842.519685	9842.519685	9842.519685	9842.519685	9842.519685	9842.519685	9842.519685	9842.519685	9842.519685	9842.519685	9842.519685	9842.519685	9842.519685	9842.519685	9842.519685	9842.519685
9842.519685	9842.519685	9842.519685	9842.519685	9842.519685	9842.519685	9842.519685	9842.519685	9842.519685	9842.519685	9842.519685	9842.519685	9842.519685	9842.519685	9842.519685	9842.519685
9842.519685	9842.519685	9842.519685	9842.519685	9842.519685	9842.519685	9842.519685	9842.519685	9842.519685	9842.519685	9842.519685	9842.519685	9842.519685	9842.519685	9842.519685	9842.519685
9842.519685	9842.519685	9842.519685	9842.519685	9842.519685	9842.519685	9842.519685	9842.519685	9842.519685	9842.519685	9842.519685	9842.519685	9842.519685	9842.519685	9842.519685	9842.519685
9842.519685	9842.519685	9842.519685	9842.519685	9842.519685	9842.519685	9842.519685	9842.519685	9842.519685	9842.519685	9842.519685	9842.519685	9842.519685	9842.519685	9842.519685	9842.519685
9842.519685	9842.519685	9842.519685	9842.519685	9842.519685	9842.519685	9842.519685	9842.519685	9842.519685	9842.519685	9842.519685	9842.519685	9842.519685	9842.519685	9842.519685	9842.519685
9842.519685	9842.519685	9842.519685	9842.519685	9842.519685	9842.519685	9842.519685	9842.519685	9842.519685	9842.519685	9842.519685	9842.519685	9842.519685	9842.519685	9842.519685	9842.519685
9842.519685	9842.519685	9842.519685	9842.519685	9842.519685	9842.519685	9842.519685	9842.519685	9842.519685	9842.519685	9842.519685	9842.519685	9842.519685	9842.519685	9842.519685	9842.519685
9842.519685	9842.519685	9842.519685	9842.519685	9842.519685	9842.519685	9842.519685	9842.519685	9842.519685	9842.519685	9842.519685	9842.519685	9842.519685	9842.519685	9842.519685	9842.519685
9842.519685	9842.519685	9842.519685	9842.519685	9842.519685	9842.519685	9842.519685	9842.519685	9842.519685	9842.519685	9842.519685	9842.519685	9842.519685	9842.519685	9842.519685	9842.519685
9842.519685	9842.519685	9842.519685	9842.519685	9842.519685	9842.519685	9842.519685	9842.519685	9842.519685	9842.519685	9842.519685	9842.519685	9842.519685	9842.519685	9842.519685	9842.519685
9842.519685	9842.519685	9842.519685	9842.519685	9842.519685	9842.519685	9842.519685	9842.519685	9842.519685	9842.519685	9842.519685	9842.519685	9842.519685	9842.519685	9842.519685	9842.519685
9842.519685	9842.519685	9842.519685	9842.519685	9842.519685	9842.519685	9842.519685	9842.519685	9842.519685	9842.519685	9842.519685	9842.519685	9842.519685	9842.519685	9842.519685	9842.519685
9842.519685	9842.519685	9842.519685	9842.519685	9842.519685	9842.519685	9842.519685	9842.519685	9842.519685	9842.519685	9842.519685	9842.519685	9842.519685	9842.519685	9842.519685	9842.519685
9842.519685	9842.519685	9842.519685	9842.519685	9842.519685	9842.519685	9842.519685	9842.519685	9842.519685	9842.519685	9842.519685	9842.519685	9842.519685	9842.519685	9842.519685	9842.519685
9842.519685	9842.519685	9842.519685	9842.519685	9842.519685	9842.519685	9842.519685	9842.519685	9842.519685	9842.519685	9842.519685	9842.519685	9842.519685	9842.519685	9842.519685	9842.519685
9842.519685	9842.519685	9842.519685	9842.519685	9842.519685	9842.519685	9842.519685	9842.519685	9842.519685	9842.519685	9842.519685	9842.519685	9842.519685	9842.519685	9842.519685	9842.519685
9842.519685	9842.519685	9842.519685	9842.519685	9842.519685	9842.519685	9842.519685	9842.519685	9842.519685	9842.519685	9842.519685	9842.519685	9842.519685	9842.519685	9842.519685	9842.519685
9842.519685	9842.519685	9842.519685	9842.519685	9842.519685	9842.519685	9842.519685	9842.519685	9842.519685	9842.519685	9842.519685	9842.519685	9842.519685	9842.519685	9842.519685	9842.519685