9842.519685	9842.519685	9842.519685	9842.519685	9842.519685	9842.519685	9842.519685	9842.519685	9842.519685	9842.519685	9842.519685	9842.519685	9842.519685	9842.519685	9842.519685	9842.519685
9842.519685	9842.519685	9842.519685	9842.519685	9842.519685	9842.519685	9842.519685	9842.519685	9842.519685	9842.519685	9842.519685	9842.519685	9842.519685	9842.519685	9842.519685	9842.519685
9842.519685	9842.519685	9842.519685	9842.519685	9842.519685	9842.519685	9842.519685	9842.519685	9842.519685	9842.519685	9842.519685	9842.519685	9842.519685	9842.519685	9842.519685	9842.519685
9842.519685	9842.519685	9842.519685	9842.519685	9842.519685	9842.519685	9826.0839895	9840.0839895	9842.519685	9842.519685	9842.519685	9842.519685	9842.519685	9842.519685	9842.519685	9842.519685
9842.519685	9842.519685	9842.519685	9842.519685	9842.519685	9705.0839895	9709.0839895	9750.0839895	9819.0839895	9842.519685	9842.519685	9842.519685	9842.519685	9842.519685	9842.519685	9842.519685
9842.519685	9842.519685	9842.519685	9842.519685	9800.0839895	9621.0839895	9648.0839895	9698.0839895	9765.0839895	9836.0839895	9842.519685	9842.519685	9842.519685	9842.519685	9842.519685	9842.519685
9842.519685	9842.519685	9842.519685	9842.519685	9729.0839895	9537.0839895	9555.0839895	9601.0839895	9695.0839895	9762.0839895	9835.0839895	9842.519685	9842.519685	9842.519685	9842.519685	9842.519685
9842.519685	9842.519685	9842.519685	9753.0839895	9633.0839895	9463.0839895	9428.0839895	9451.0839895	9516.0839895	9686.0839895	9779.0839895	9842.519685	9842.519685	9842.519685	9842.519685	9842.519685
9842.519685	9842.519685	9842.519685	9743.0839895	9539.0839895	9387.0839895	9375.0839895	9406.0839895	9443.0839895	9607.0839895	9737.0839895	9837.0839895	9842.519685	9842.519685	9842.519685	9842.519685
9842.519685	9842.519685	9842.519685	9785.0839895	9573.0839895	9302.0839895	9324.0839895	9377.0839895	9463.0839895	9600.0839895	9723.0839895	9822.0839895	9842.519685	9842.519685	9842.519685	9842.519685
9842.519685	9842.519685	9842.519685	9800.0839895	9535.0839895	9224.0839895	9254.0839895	9354.0839895	9447.0839895	9556.0839895	9675.0839895	9779.0839895	9842.519685	9842.519685	9842.519685	9842.519685
9842.519685	9842.519685	9842.519685	9817.0839895	9545.0839895	9154.0839895	9188.0839895	9292.0839895	9434.0839895	9517.0839895	9618.0839895	9735.0839895	9827.0839895	9842.519685	9842.519685	9842.519685
9842.519685	9842.519685	9842.519685	9842.519685	9594.0839895	9197.0839895	9232.0839895	9313.0839895	9441.0839895	9510.0839895	9590.0839895	9747.0839895	9842.519685	9842.519685	9842.519685	9842.519685
9842.519685	9842.519685	9842.519685	9842.519685	9655.0839895	9252.0839895	9293.0839895	9350.0839895	9446.0839895	9503.0839895	9566.0839895	9708.0839895	9842.519685	9842.519685	9842.519685	9842.519685
9842.519685	9842.519685	9842.519685	9842.519685	9701.0839895	9328.0839895	9390.0839895	9416.0839895	9468.0839895	9477.0839895	9522.0839895	9647.0839895	9842.519685	9842.519685	9842.519685	9842.519685
9842.519685	9842.519685	9842.519685	9842.519685	9788.0839895	9432.0839895	9472.0839895	9478.0839895	9481.0839895	9455.0839895	9499.0839895	9609.0839895	9842.519685	9842.519685	9842.519685	9842.519685
9842.519685	9842.519685	9842.519685	9842.519685	9842.519685	9562.0839895	9573.0839895	9557.0839895	9514.0839895	9419.0839895	9458.0839895	9590.0839895	9842.519685	9842.519685	9842.519685	9842.519685
9842.519685	9842.519685	9842.519685	9842.519685	9842.519685	9651.0839895	9611.0839895	9565.0839895	9513.0839895	9431.0839895	9454.0839895	9602.0839895	9842.519685	9842.519685	9842.519685	9842.519685
9842.519685	9842.519685	9842.519685	9842.519685	9842.519685	9732.0839895	9661.0839895	9584.0839895	9506.0839895	9437.0839895	9467.0839895	9616.0839895	9842.519685	9842.519685	9842.519685	9842.519685
9842.519685	9842.519685	9842.519685	9842.519685	9842.519685	9791.0839895	9717.0839895	9659.0839895	9596.0839895	9571.0839895	9591.0839895	9741.0839895	9842.519685	9842.519685	9842.519685	9842.519685
9842.519685	9842.519685	9842.519685	9842.519685	9842.519685	9842.519685	9821.0839895	9763.0839895	9724.0839895	9718.0839895	9738.0839895	9842.519685	9842.519685	9842.519685	9842.519685	9842.519685
9842.519685	9842.519685	9842.519685	9842.519685	9842.519685	9842.519685	9842.519685	9842.519685	9842.519685	9842.519685	9842.519685	9842.519685	9842.519685	9842.519685	9842.519685	9842.519685
9842.519685	9842.519685	9842.519685	9842.519685	9842.519685	9842.519685	9842.519685	9842.519685	9842.519685	9842.519685	9842.519685	9842.519685	9842.519685	9842.519685	9842.519685	9842.519685
9842.519685	9842.519685	9842.519685	9842.519685	9842.519685	9842.519685	9842.519685	9842.519685	9842.519685	9842.519685	9842.519685	9842.519685	9842.519685	9842.519685	9842.519685	9842.519685
9842.519685	9842.519685	9842.519685	9842.519685	9842.519685	9842.519685	9842.519685	9842.519685	9842.519685	9842.519685	9842.519685	9842.519685	9842.519685	9842.519685	9842.519685	9842.519685
9842.519685	9842.519685	9842.519685	9842.519685	9842.519685	9842.519685	9842.519685	9842.519685	9842.519685	9842.519685	9842.519685	9842.519685	9842.519685	9842.519685	9842.519685	9842.519685